# r^2 r orientational_FE_correlation[r^2] orientational_AFE_correlation[r^2] orientational_count[r^2] T
0 0.000000 1.000000 1.000000 8000 300
1 1.000000 0.933333 -0.066667 48000 300
2 1.414214 0.866667 -0.033333 96000 300
3 1.732051 0.800000 0.000000 64000 300
4 2.000000 0.866667 -0.133333 48000 300
5 2.236068 0.800000 -0.080005 192000 300
6 2.449490 0.733333 -0.033333 192000 300
8 2.828427 0.733333 -0.066667 96000 300
9 3.000000 0.693333 -0.057677 240000 300
10 3.162278 0.733333 -0.146647 192000 300
11 3.316625 0.666667 -0.096923 192000 300
12 3.464102 0.600000 0.000000 64000 300
13 3.605551 0.666667 -0.102570 192000 300
14 3.741657 0.600000 -0.057140 384000 300
16 4.000000 0.733333 -0.266667 48000 300
17 4.123106 0.600000 -0.117777 384000 300
18 4.242641 0.600000 -0.144442 288000 300
19 4.358899 0.533333 -0.056113 192000 300
20 4.472136 0.600000 -0.160017 192000 300
21 4.582576 0.533333 -0.114261 384000 300
22 4.690416 0.466667 -0.015157 192000 300
24 4.898979 0.466667 -0.066667 192000 300
25 5.000000 0.560000 -0.171204 240000 300
26 5.099020 0.511111 -0.153009 576000 300
27 5.196152 0.500000 -0.177638 256000 300
29 5.385165 0.444444 -0.102679 576000 300
30 5.477226 0.466667 -0.179967 384000 300
32 5.656854 0.466667 -0.133333 96000 300
33 5.744563 0.400000 -0.109080 384000 300
34 5.830952 0.400000 -0.097097 384000 300
35 5.916080 0.400000 -0.137182 384000 300
36 6.000000 0.386667 -0.115637 240000 300
37 6.082763 0.533333 -0.353041 192000 300
38 6.164414 0.377778 -0.160939 576000 300
40 6.324555 0.466667 -0.293268 192000 300
41 6.403124 0.366667 -0.167257 768000 300
42 6.480741 0.333333 -0.119039 384000 300
43 6.557439 0.266667 -0.049610 192000 300
44 6.633250 0.333333 -0.193978 192000 300
45 6.708204 0.311111 -0.127414 576000 300
46 6.782330 0.333333 -0.197125 384000 300
48 6.928203 0.200000 0.000000 64000 300
49 7.000000 0.296296 -0.181178 432000 300
50 7.071068 0.295238 -0.162452 672000 300
51 7.141428 0.333333 -0.250924 384000 300
52 7.211103 0.333333 -0.205113 192000 300
53 7.280110 0.311111 -0.229895 576000 300
54 7.348469 0.266667 -0.203467 768000 300
56 7.483315 0.200000 -0.114266 384000 300
57 7.549834 0.200000 -0.136828 384000 300
58 7.615773 0.333333 -0.304655 192000 300
59 7.681146 0.222222 -0.186941 576000 300
61 7.810250 0.177778 -0.110675 576000 300
62 7.874008 0.200000 -0.180489 768000 300
64 8.000000 0.466667 -0.533333 48000 300
65 8.062258 0.233333 -0.238949 768000 300
66 8.124038 0.200000 -0.222757 768000 300
67 8.185353 0.133333 -0.159170 192000 300
68 8.246211 0.200000 -0.235220 384000 300
69 8.306624 0.200000 -0.278032 768000 300
70 8.366600 0.066667 -0.059067 384000 300
72 8.485281 0.200000 -0.288868 288000 300
73 8.544004 0.200000 -0.265821 384000 300
74 8.602325 0.146667 -0.226198 960000 300
75 8.660254 0.114286 -0.164695 448000 300
76 8.717798 0.066667 -0.112292 192000 300
77 8.774964 0.066667 -0.151448 768000 300
78 8.831761 0.066667 -0.143545 384000 300
80 8.944272 0.200000 -0.319917 192000 300

# r^2 r orientational_FE_correlation[r^2] orientational_AFE_correlation[r^2] orientational_count[r^2] T
0 0.000000 1.000000 1.000000 8000 0
1 1.000000 0.960408 -0.016802 48000 0
2 1.414214 0.924498 -0.018522 96000 0
3 1.732051 0.890826 -0.020375 64000 0
4 2.000000 0.861301 -0.058684 48000 0
5 2.236068 0.830847 -0.051623 192000 0
6 2.449490 0.801847 -0.047588 192000 0
8 2.828427 0.749370 -0.058835 96000 0
9 3.000000 0.724894 -0.067086 240000 0
10 3.162278 0.704279 -0.102367 192000 0
11 3.316625 0.680670 -0.094388 192000 0
12 3.464102 0.654835 -0.059023 64000 0
13 3.605551 0.637508 -0.090673 192000 0
14 3.741657 0.616443 -0.085491 384000 0
16 4.000000 0.588426 -0.165870 48000 0
17 4.123106 0.564045 -0.116835 384000 0
18 4.242641 0.548733 -0.128584 288000 0
19 4.358899 0.526739 -0.092090 192000 0
20 4.472136 0.516871 -0.132367 192000 0
21 4.582576 0.500171 -0.125065 384000 0
22 4.690416 0.477886 -0.083970 192000 0
24 4.898979 0.454155 -0.110284 192000 0
25 5.000000 0.446294 -0.136402 240000 0
26 5.099020 0.434062 -0.140958 576000 0
27 5.196152 0.425256 -0.161178 256000 0
29 5.385165 0.394315 -0.123717 576000 0
30 5.477226 0.391790 -0.162760 384000 0
32 5.656854 0.361723 -0.117093 96000 0
33 5.744563 0.353046 -0.127023 384000 0
34 5.830952 0.340421 -0.116743 384000 0
35 5.916080 0.336604 -0.137395 384000 0
36 6.000000 0.324337 -0.127341 240000 0
37 6.082763 0.341425 -0.230280 192000 0
38 6.164414 0.313919 -0.153717 576000 0
40 6.324555 0.311126 -0.202007 192000 0
41 6.403124 0.289599 -0.149137 768000 0
42 6.480741 0.275492 -0.119794 384000 0
43 6.557439 0.261243 -0.102144 192000 0
44 6.633250 0.274016 -0.169536 192000 0
45 6.708204 0.255600 -0.126126 576000 0
46 6.782330 0.259335 -0.160625 384000 0
48 6.928203 0.219510 -0.076094 64000 0
49 7.000000 0.239279 -0.154482 432000 0
50 7.071068 0.228681 -0.138475 672000 0
51 7.141428 0.236436 -0.176135 384000 0
52 7.211103 0.220266 -0.138040 192000 0
53 7.280110 0.222007 -0.162184 576000 0
54 7.348469 0.215658 -0.160453 768000 0
56 7.483315 0.192193 -0.115142 384000 0
57 7.549834 0.191310 -0.131148 384000 0
58 7.615773 0.207550 -0.186802 192000 0
59 7.681146 0.189054 -0.145676 576000 0
61 7.810250 0.166807 -0.101306 576000 0
62 7.874008 0.175379 -0.134174 768000 0
64 8.000000 0.216965 -0.272750 48000 0
65 8.062258 0.171146 -0.151182 768000 0
66 8.124038 0.166573 -0.150812 768000 0
67 8.185353 0.155020 -0.130267 192000 0
68 8.246211 0.161026 -0.154909 384000 0
69 8.306624 0.167525 -0.176559 768000 0
70 8.366600 0.126469 -0.076629 384000 0
72 8.485281 0.158765 -0.169624 288000 0
73 8.544004 0.149238 -0.148504 384000 0
74 8.602325 0.141895 -0.141477 960000 0
75 8.660254 0.127344 -0.104801 448000 0
76 8.717798 0.117229 -0.083853 192000 0
77 8.774964 0.122189 -0.114152 768000 0
78 8.831761 0.117570 -0.098740 384000 0
80 8.944272 0.138200 -0.160667 192000 0

# r^2 r orientational_FE_correlation[r^2] orientational_AFE_correlation[r^2] orientational_count[r^2] T
0 0.000000 1.000000 1.000000 8000 256
1 1.000000 0.850729 -0.006198 48000 256
2 1.414214 0.823621 -0.004401 96000 256
3 1.732051 0.812382 -0.003915 64000 256
4 2.000000 0.814146 -0.006292 48000 256
5 2.236068 0.806383 -0.004944 192000 256
6 2.449490 0.802238 -0.003765 192000 256
8 2.828427 0.799004 -0.003698 96000 256
9 3.000000 0.797331 -0.003757 240000 256
10 3.162278 0.797422 -0.005968 192000 256
11 3.316625 0.795932 -0.004425 192000 256
12 3.464102 0.794558 -0.002175 64000 256
13 3.605551 0.794175 -0.003313 192000 256
14 3.741657 0.792649 -0.002769 384000 256
16 4.000000 0.793516 -0.006657 48000 256
17 4.123106 0.791753 -0.003820 384000 256
18 4.242641 0.791417 -0.003937 288000 256
19 4.358899 0.790503 -0.002451 192000 256
20 4.472136 0.790155 -0.004125 192000 256
21 4.582576 0.789843 -0.003125 384000 256
22 4.690416 0.789145 -0.001388 192000 256
24 4.898979 0.788984 -0.002437 192000 256
25 5.000000 0.788828 -0.004197 240000 256
26 5.099020 0.788769 -0.004121 576000 256
27 5.196152 0.788763 -0.003957 256000 256
29 5.385165 0.788174 -0.002400 576000 256
30 5.477226 0.788211 -0.003942 384000 256
32 5.656854 0.787930 -0.001723 96000 256
33 5.744563 0.787234 -0.002129 384000 256
34 5.830952 0.786802 -0.001789 384000 256
35 5.916080 0.786565 -0.002724 384000 256
36 6.000000 0.787802 -0.002046 240000 256
37 6.082763 0.788184 -0.006091 192000 256
38 6.164414 0.786856 -0.003132 576000 256
40 6.324555 0.786765 -0.004955 192000 256
41 6.403124 0.786481 -0.002518 768000 256
42 6.480741 0.786382 -0.001208 384000 256
43 6.557439 0.786132 -0.001688 192000 256
44 6.633250 0.786129 -0.003127 192000 256
45 6.708204 0.785883 -0.001985 576000 256
46 6.782330 0.785923 -0.002736 384000 256
48 6.928203 0.784742 0.000153 64000 256
49 7.000000 0.785506 -0.002254 432000 256
50 7.071068 0.785267 -0.001935 672000 256
51 7.141428 0.785570 -0.002481 384000 256
52 7.211103 0.785526 -0.001384 192000 256
53 7.280110 0.786130 -0.001963 576000 256
54 7.348469 0.785762 -0.002686 768000 256
56 7.483315 0.785110 -0.001118 384000 256
57 7.549834 0.784650 -0.002012 384000 256
58 7.615773 0.784896 -0.002255 192000 256
59 7.681146 0.785081 -0.001844 576000 256
61 7.810250 0.784663 -0.000866 576000 256
62 7.874008 0.785149 -0.000920 768000 256
64 8.000000 0.785617 -0.006449 48000 256
65 8.062258 0.784939 -0.002048 768000 256
66 8.124038 0.784836 -0.001834 768000 256
67 8.185353 0.784573 -0.002578 192000 256
68 8.246211 0.784539 -0.002595 384000 256
69 8.306624 0.784932 -0.003043 768000 256
70 8.366600 0.783684 -0.000876 384000 256
72 8.485281 0.784651 -0.002579 288000 256
73 8.544004 0.784197 -0.001568 384000 256
74 8.602325 0.784207 -0.002407 960000 256
75 8.660254 0.783732 -0.000595 448000 256
76 8.717798 0.785024 -0.000668 192000 256
77 8.774964 0.783727 -0.001805 768000 256
78 8.831761 0.783893 -0.001279 384000 256
80 8.944272 0.783015 -0.001876 192000 256

# r^2 r orientational_FE_correlation[r^2] orientational_AFE_correlation[r^2] orientational_count[r^2] T
0 0.000000 1.000000 1.000000 8000 128
1 1.000000 0.928161 -0.002493 48000 128
2 1.414214 0.915254 -0.002073 96000 128
3 1.732051 0.909598 -0.002778 64000 128
4 2.000000 0.909753 -0.002492 48000 128
5 2.236068 0.906269 -0.002502 192000 128
6 2.449490 0.904130 -0.002590 192000 128
8 2.828427 0.902049 -0.002407 96000 128
9 3.000000 0.901211 -0.002264 240000 128
10 3.162278 0.900462 -0.002119 192000 128
11 3.316625 0.899921 -0.002221 192000 128
12 3.464102 0.899510 -0.002148 64000 128
13 3.605551 0.898506 -0.001943 192000 128
14 3.741657 0.898286 -0.002281 384000 128
16 4.000000 0.897562 -0.002670 48000 128
17 4.123106 0.897361 -0.002260 384000 128
18 4.242641 0.896967 -0.002040 288000 128
19 4.358899 0.896489 -0.001841 192000 128
20 4.472136 0.896673 -0.001936 192000 128
21 4.582576 0.896357 -0.002073 384000 128
22 4.690416 0.895620 -0.002018 192000 128
24 4.898979 0.895300 -0.001542 192000 128
25 5.000000 0.895659 -0.001826 240000 128
26 5.099020 0.895343 -0.001951 576000 128
27 5.196152 0.894642 -0.002238 256000 128
29 5.385165 0.894709 -0.001948 576000 128
30 5.477226 0.894637 -0.001920 384000 128
32 5.656854 0.894961 -0.000914 96000 128
33 5.744563 0.894286 -0.001741 384000 128
34 5.830952 0.894148 -0.001957 384000 128
35 5.916080 0.894247 -0.001759 384000 128
36 6.000000 0.893601 -0.001984 240000 128
37 6.082763 0.893812 -0.001882 192000 128
38 6.164414 0.893550 -0.001741 576000 128
40 6.324555 0.893767 -0.002174 192000 128
41 6.403124 0.893838 -0.001605 768000 128
42 6.480741 0.893613 -0.001562 384000 128
43 6.557439 0.892396 -0.002055 192000 128
44 6.633250 0.893016 -0.001616 192000 128
45 6.708204 0.893151 -0.001530 576000 128
46 6.782330 0.893361 -0.001434 384000 128
48 6.928203 0.892115 -0.001752 64000 128
49 7.000000 0.892927 -0.001608 432000 128
50 7.071068 0.892753 -0.001681 672000 128
51 7.141428 0.893059 -0.001486 384000 128
52 7.211103 0.892947 -0.000824 192000 128
53 7.280110 0.892961 -0.001323 576000 128
54 7.348469 0.892971 -0.001580 768000 128
56 7.483315 0.892383 -0.001554 384000 128
57 7.549834 0.892152 -0.001498 384000 128
58 7.615773 0.892737 -0.001726 192000 128
59 7.681146 0.892549 -0.001589 576000 128
61 7.810250 0.892251 -0.001544 576000 128
62 7.874008 0.892726 -0.001313 768000 128
64 8.000000 0.891908 -0.001197 48000 128
65 8.062258 0.892562 -0.001401 768000 128
66 8.124038 0.892554 -0.001240 768000 128
67 8.185353 0.891661 -0.001064 192000 128
68 8.246211 0.891974 -0.001781 384000 128
69 8.306624 0.892716 -0.001157 768000 128
70 8.366600 0.891364 -0.001885 384000 128
72 8.485281 0.892340 -0.000849 288000 128
73 8.544004 0.892073 -0.001139 384000 128
74 8.602325 0.892441 -0.001145 960000 128
75 8.660254 0.891993 -0.001014 448000 128
76 8.717798 0.891537 -0.001506 192000 128
77 8.774964 0.892004 -0.001594 768000 128
78 8.831761 0.891811 -0.001369 384000 128
80 8.944272 0.892022 -0.001052 192000 128

# r^2 r orientational_FE_correlation[r^2] orientational_AFE_correlation[r^2] orientational_count[r^2] T
0 0.000000 1.000000 1.000000 8000 384
1 1.000000 0.774230 -0.009717 48000 384
2 1.414214 0.731907 -0.007474 96000 384
3 1.732051 0.716659 -0.005168 64000 384
4 2.000000 0.715725 -0.008025 48000 384
5 2.236068 0.705298 -0.007196 192000 384
6 2.449490 0.700600 -0.005495 192000 384
8 2.828427 0.693199 -0.005786 96000 384
9 3.000000 0.692522 -0.004965 240000 384
10 3.162278 0.691759 -0.004432 192000 384
11 3.316625 0.690266 -0.003742 192000 384
12 3.464102 0.687601 -0.004770 64000 384
13 3.605551 0.686512 -0.003670 192000 384
14 3.741657 0.685675 -0.004311 384000 384
16 4.000000 0.687463 -0.001957 48000 384
17 4.123106 0.684641 -0.002892 384000 384
18 4.242641 0.684146 -0.002573 288000 384
19 4.358899 0.681918 -0.005461 192000 384
20 4.472136 0.682907 -0.001341 192000 384
21 4.582576 0.682279 -0.002286 384000 384
22 4.690416 0.681946 -0.004279 192000 384
24 4.898979 0.681271 -0.003273 192000 384
25 5.000000 0.680597 -0.002433 240000 384
26 5.099020 0.680469 -0.002798 576000 384
27 5.196152 0.680190 -0.002936 256000 384
29 5.385165 0.679652 -0.003432 576000 384
30 5.477226 0.678866 -0.001345 384000 384
32 5.656854 0.676923 -0.001849 96000 384
33 5.744563 0.677761 -0.002466 384000 384
34 5.830952 0.677499 -0.002259 384000 384
35 5.916080 0.677006 -0.001779 384000 384
36 6.000000 0.677515 -0.003271 240000 384
37 6.082763 0.679184 -0.001373 192000 384
38 6.164414 0.677523 -0.002152 576000 384
40 6.324555 0.678046 -0.000450 192000 384
41 6.403124 0.676742 -0.001624 768000 384
42 6.480741 0.676283 -0.002401 384000 384
43 6.557439 0.676719 -0.003278 192000 384
44 6.633250 0.675427 -0.001445 192000 384
45 6.708204 0.675873 -0.002267 576000 384
46 6.782330 0.676081 -0.001454 384000 384
48 6.928203 0.675532 -0.001510 64000 384
49 7.000000 0.675463 -0.001824 432000 384
50 7.071068 0.675769 -0.001974 672000 384
51 7.141428 0.675542 -0.001597 384000 384
52 7.211103 0.676262 -0.002051 192000 384
53 7.280110 0.675727 -0.001549 576000 384
54 7.348469 0.675436 -0.002049 768000 384
56 7.483315 0.674822 -0.001558 384000 384
57 7.549834 0.675053 -0.001099 384000 384
58 7.615773 0.675619 -0.000445 192000 384
59 7.681146 0.675030 -0.002238 576000 384
61 7.810250 0.674719 -0.001251 576000 384
62 7.874008 0.675028 -0.001261 768000 384
64 8.000000 0.671299 -0.003387 48000 384
65 8.062258 0.674401 -0.001785 768000 384
66 8.124038 0.674485 -0.002168 768000 384
67 8.185353 0.675622 -0.001636 192000 384
68 8.246211 0.674194 -0.001715 384000 384
69 8.306624 0.674896 -0.002477 768000 384
70 8.366600 0.674826 -0.003141 384000 384
72 8.485281 0.674870 -0.002289 288000 384
73 8.544004 0.674862 -0.001050 384000 384
74 8.602325 0.675046 -0.001551 960000 384
75 8.660254 0.674917 -0.000870 448000 384
76 8.717798 0.675687 -0.001050 192000 384
77 8.774964 0.674340 -0.002211 768000 384
78 8.831761 0.675326 -0.001262 384000 384
80 8.944272 0.675034 -0.001794 192000 384

# r^2 r orientational_FE_correlation[r^2] orientational_AFE_correlation[r^2] orientational_count[r^2] T
0 0.000000 1.000000 1.000000 8000 64
1 1.000000 0.964200 -0.001559 48000 64
2 1.414214 0.956875 -0.001179 96000 64
3 1.732051 0.953893 -0.000689 64000 64
4 2.000000 0.953569 -0.002533 48000 64
5 2.236068 0.951447 -0.001633 192000 64
6 2.449490 0.950495 -0.001260 192000 64
8 2.828427 0.948778 -0.001548 96000 64
9 3.000000 0.948508 -0.001536 240000 64
10 3.162278 0.947955 -0.002862 192000 64
11 3.316625 0.947617 -0.002343 192000 64
12 3.464102 0.947116 -0.000770 64000 64
13 3.605551 0.946345 -0.002042 192000 64
14 3.741657 0.946261 -0.001656 384000 64
16 4.000000 0.945393 -0.004702 48000 64
17 4.123106 0.945179 -0.002579 384000 64
18 4.242641 0.944692 -0.003159 288000 64
19 4.358899 0.944142 -0.001393 192000 64
20 4.472136 0.943798 -0.003244 192000 64
21 4.582576 0.943723 -0.002833 384000 64
22 4.690416 0.942981 -0.000587 192000 64
24 4.898979 0.942582 -0.001969 192000 64
25 5.000000 0.942343 -0.003218 240000 64
26 5.099020 0.942393 -0.003414 576000 64
27 5.196152 0.941947 -0.004309 256000 64
29 5.385165 0.941402 -0.002379 576000 64
30 5.477226 0.941359 -0.004525 384000 64
32 5.656854 0.940708 -0.002356 96000 64
33 5.744563 0.940416 -0.002661 384000 64
34 5.830952 0.939756 -0.002068 384000 64
35 5.916080 0.939966 -0.003448 384000 64
36 6.000000 0.939105 -0.002492 240000 64
37 6.082763 0.939873 -0.007992 192000 64
38 6.164414 0.939422 -0.004136 576000 64
40 6.324555 0.939048 -0.006625 192000 64
41 6.403124 0.939243 -0.003972 768000 64
42 6.480741 0.937990 -0.002646 384000 64
43 6.557439 0.937196 -0.001333 192000 64
44 6.633250 0.938165 -0.005264 192000 64
45 6.708204 0.937424 -0.002965 576000 64
46 6.782330 0.937705 -0.005020 384000 64
48 6.928203 0.935632 0.000276 64000 64
49 7.000000 0.937003 -0.004811 432000 64
50 7.071068 0.936870 -0.003583 672000 64
51 7.141428 0.936950 -0.005964 384000 64
52 7.211103 0.935963 -0.004312 192000 64
53 7.280110 0.936595 -0.005495 576000 64
54 7.348469 0.936840 -0.005205 768000 64
56 7.483315 0.934758 -0.003081 384000 64
57 7.549834 0.934883 -0.003695 384000 64
58 7.615773 0.935998 -0.007031 192000 64
59 7.681146 0.935278 -0.004775 576000 64
61 7.810250 0.933936 -0.002509 576000 64
62 7.874008 0.935002 -0.004530 768000 64
64 8.000000 0.936803 -0.011478 48000 64
65 8.062258 0.934940 -0.005554 768000 64
66 8.124038 0.934720 -0.005409 768000 64
67 8.185353 0.933276 -0.004320 192000 64
68 8.246211 0.933899 -0.005390 384000 64
69 8.306624 0.934956 -0.006910 768000 64
70 8.366600 0.931679 -0.001591 384000 64
72 8.485281 0.933727 -0.006920 288000 64
73 8.544004 0.933266 -0.005931 384000 64
74 8.602325 0.933855 -0.005378 960000 64
75 8.660254 0.931873 -0.003770 448000 64
76 8.717798 0.930998 -0.002633 192000 64
77 8.774964 0.932321 -0.003774 768000 64
78 8.831761 0.931297 -0.003525 384000 64
80 8.944272 0.932718 -0.006660 192000 64

