0 0 -1.709914
0 1 -1.137569
0 2 -0.293528
0 3 -0.630512
0 4 -0.814643
0 5 0.182784
0 6 0.059750
0 7 -0.829855
0 8 0.083023
0 9 -2.666842
0 10 -2.269403
0 11 -1.885775
0 12 0.080690
0 13 -0.143009
0 14 -0.391700
0 15 0.989905
0 16 1.115814
0 17 -0.110012
0 18 0.201471
0 19 -0.415832
0 20 -1.273620
0 21 -0.814469
0 22 -1.442485
0 23 -1.546122
0 24 0.107681
1 0 0.003631
1 1 0.238711
1 2 -0.320405
1 3 -0.443835
1 4 -0.162892
1 5 0.028670
1 6 0.448077
1 7 0.956489
1 8 1.581197
1 9 -0.207098
1 10 -0.293534
1 11 -2.183262
1 12 0.218455
1 13 -0.757362
1 14 -0.911602
1 15 0.849634
1 16 1.313475
1 17 1.169783
1 18 0.777399
1 19 0.942991
1 20 -0.455852
1 21 0.381908
1 22 -0.061224
1 23 -0.159241
1 24 1.438370
2 0 -1.139502
2 1 -0.962776
2 2 -1.576147
2 3 -0.691248
2 4 -0.302260
2 5 0.095380
2 6 0.183191
2 7 0.185687
2 8 1.563363
2 9 0.447195
2 10 -0.474425
2 11 -2.217520
2 12 -0.395911
2 13 -0.778741
2 14 -0.009345
2 15 -1.423586
2 16 -1.173483
2 17 0.071448
2 18 -1.119969
2 19 -1.005121
2 20 -0.345838
2 21 0.639795
2 22 -0.315805
2 23 -0.587338
2 24 0.233300
3 0 -0.099587
3 1 -0.060176
3 2 -1.718961
3 3 -0.799030
3 4 -0.255604
3 5 1.313682
3 6 0.628437
3 7 -0.498433
3 8 0.844575
3 9 -0.457811
3 10 -1.500085
3 11 -1.525739
3 12 2.387163
3 13 1.499006
3 14 1.262424
3 15 1.045390
3 16 0.938400
3 17 0.508413
3 18 -0.685368
3 19 -0.424618
3 20 0.040623
3 21 -0.978840
3 22 -1.864081
3 23 -0.416416
3 24 0.730387
4 0 -0.280497
4 1 0.399057
4 2 -0.705081
4 3 -0.078662
4 4 0.030570
4 5 -0.284933
4 6 -0.333543
4 7 0.276716
4 8 0.908137
4 9 0.733146
4 10 0.501116
4 11 -1.282729
4 12 1.989052
4 13 1.095130
4 14 0.818436
4 15 1.239175
4 16 0.308376
4 17 -0.139027
4 18 0.295610
4 19 0.685336
4 20 1.003271
4 21 0.552809
4 22 -0.008974
4 23 1.644899
4 24 1.296382
5 0 -0.683389
5 1 -0.071812
5 2 -0.535093
5 3 -0.527290
5 4 0.417110
5 5 -0.146232
5 6 0.020762
5 7 0.807815
5 8 0.704536
5 9 0.428790
5 10 -0.199780
5 11 -1.674098
5 12 1.921628
5 13 -0.344529
5 14 0.366748
5 15 0.007102
5 16 -0.877988
5 17 -1.594860
5 18 -1.238316
5 19 -1.601240
5 20 -0.567122
5 21 0.433241
5 22 0.350039
5 23 0.163753
5 24 -0.108336
6 0 -0.186920
6 1 0.719231
6 2 -0.146275
6 3 -0.213589
6 4 0.619627
6 5 0.435380
6 6 0.159869
6 7 -0.385096
6 8 -0.003841
6 9 0.692453
6 10 0.253251
6 11 -2.383015
6 12 0.820157
6 13 -1.565018
6 14 -0.676290
6 15 -0.158462
6 16 -0.858800
6 17 -0.748907
6 18 -0.921044
6 19 0.459164
6 20 1.003600
6 21 -0.000126
6 22 0.170162
6 23 -0.490119
6 24 -0.965992
7 0 -0.754672
7 1 0.241991
7 2 -0.384556
7 3 0.461784
7 4 -0.064591
7 5 0.014274
7 6 1.258439
7 7 1.231494
7 8 -0.467049
7 9 0.915008
7 10 1.630015
7 11 -0.886536
7 12 0.733759
7 13 -0.073335
7 14 1.085609
7 15 0.207574
7 16 -0.056210
7 17 0.174258
7 18 -0.429411
7 19 0.539968
7 20 0.873177
7 21 1.170650
7 22 0.937597
7 23 1.114580
7 24 0.279826
8 0 -0.587741
8 1 -0.934976
8 2 -1.915508
8 3 -0.863466
8 4 -0.621311
8 5 -0.946815
8 6 0.429874
8 7 -0.158430
8 8 -0.923823
8 9 0.203307
8 10 1.047205
8 11 0.231350
8 12 1.236589
8 13 -0.606915
8 14 0.595572
8 15 0.095654
8 16 0.273070
8 17 0.440342
8 18 -0.211925
8 19 -1.364516
8 20 -1.796302
8 21 -0.279286
8 22 -0.526101
8 23 -0.213586
8 24 0.322144
9 0 0.373657
9 1 -0.231791
9 2 -1.057505
9 3 0.073754
9 4 -0.361679
9 5 -1.298050
9 6 0.809625
9 7 0.754927
9 8 -1.319322
9 9 -0.309605
9 10 0.503466
9 11 0.227215
9 12 1.432337
9 13 -0.392491
9 14 0.994102
9 15 -0.622375
9 16 -0.762712
9 17 -0.276952
9 18 -0.259774
9 19 2.259758
9 20 0.485153
9 21 -1.044693
9 22 -0.457519
9 23 0.195950
9 24 0.612454
10 0 -0.027123
10 1 0.396749
10 2 -0.330509
10 3 0.055311
10 4 -0.315943
10 5 -0.783911
10 6 0.734794
10 7 0.766367
10 8 -1.193868
10 9 -1.567293
10 10 0.590040
10 11 0.386023
10 12 0.848994
10 13 0.261240
10 14 0.630868
10 15 -1.282034
10 16 -0.958935
10 17 -1.252273
10 18 -1.744751
10 19 1.352319
10 20 0.004485
10 21 -1.418549
10 22 -0.162558
10 23 0.418830
10 24 0.297430
11 0 0.552373
11 1 1.033148
11 2 -0.309440
11 3 -0.045146
11 4 1.563321
11 5 0.870124
11 6 -1.083298
11 7 -0.598010
11 8 -0.328222
11 9 -1.348645
11 10 1.194432
11 11 0.243001
11 12 0.493113
11 13 0.143148
11 14 -0.044141
11 15 0.937215
11 16 1.273523
11 17 1.043132
11 18 -0.554682
11 19 0.034064
11 20 0.806237
11 21 -0.056993
11 22 -0.550974
11 23 0.416768
11 24 0.533334
12 0 0.364202
12 1 1.862027
12 2 0.109600
12 3 -0.807677
12 4 0.315549
12 5 0.759579
12 6 -0.630452
12 7 -0.181061
12 8 0.623903
12 9 -1.202503
12 10 0.919622
12 11 0.251922
12 12 0.934741
12 13 1.407671
12 14 0.286203
12 15 0.403201
12 16 0.647216
12 17 0.945528
12 18 -0.099532
12 19 -0.426619
12 20 0.845538
12 21 0.614221
12 22 -0.980694
12 23 1.395767
12 24 1.938086
13 0 -1.453700
13 1 -0.410343
13 2 0.585711
13 3 -1.948825
13 4 -1.869453
13 5 0.769523
13 6 -0.379198
13 7 0.372679
13 8 0.590866
13 9 -1.368897
13 10 0.767584
13 11 -0.135860
13 12 0.550081
13 13 -0.438926
13 14 -1.483313
13 15 0.021602
13 16 0.596149
13 17 1.391110
13 18 -0.312922
13 19 -1.103081
13 20 -0.067666
13 21 0.222985
13 22 -0.922797
13 23 1.185100
13 24 3.268334
14 0 -0.094246
14 1 -1.708608
14 2 -0.381904
14 3 1.333244
14 4 1.587666
14 5 2.021009
14 6 2.093611
14 7 0.551529
14 8 0.107561
14 9 -0.751143
14 10 0.044847
14 11 -0.499229
14 12 -0.067793
14 13 -2.014777
14 14 -1.733208
14 15 -0.001261
14 16 0.796869
14 17 1.533407
14 18 -0.942730
14 19 -0.756007
14 20 0.660229
14 21 1.376283
14 22 -1.120612
14 23 -0.792512
14 24 3.501904
15 0 -0.655052
15 1 -1.224197
15 2 -0.572092
15 3 1.357806
15 4 0.805732
15 5 -1.135457
15 6 -0.791455
15 7 -3.605728
15 8 -0.970958
15 9 -0.200715
15 10 -1.134078
15 11 0.150028
15 12 0.629273
15 13 -1.023920
15 14 0.192048
15 15 -0.522172
15 16 0.085688
15 17 0.114515
15 18 -0.948834
15 19 -1.261164
15 20 -1.344393
15 21 0.443875
15 22 -0.983817
15 23 -1.489303
15 24 1.161351
16 0 -1.356857
16 1 -1.029509
16 2 -0.585369
16 3 -0.534665
16 4 -1.140123
16 5 -0.975169
16 6 -0.055116
16 7 -4.080614
16 8 -1.076150
16 9 0.559834
16 10 -1.340002
16 11 -0.463913
16 12 -0.371427
16 13 -0.837819
16 14 2.125000
16 15 1.678008
16 16 1.215147
16 17 0.098360
16 18 -0.848713
16 19 -1.035097
16 20 -0.988865
16 21 -0.207761
16 22 0.223616
16 23 -0.563597
16 24 0.537641
17 0 -1.134978
17 1 -1.264845
17 2 -0.844206
17 3 -0.569353
17 4 -0.971792
17 5 1.171471
17 6 3.125434
17 7 -0.542496
17 8 0.410508
17 9 1.012992
17 10 -0.972547
17 11 -0.288094
17 12 0.515533
17 13 -2.034211
17 14 -0.967518
17 15 -0.576840
17 16 -0.892072
17 17 0.162432
17 18 -0.228408
17 19 -0.078843
17 20 0.000194
17 21 -0.586388
17 22 0.557619
17 23 0.484920
17 24 1.938990
18 0 -0.307029
18 1 0.801549
18 2 1.417139
18 3 1.147832
18 4 1.790550
18 5 2.405469
18 6 2.552043
18 7 -1.251983
18 8 0.529118
18 9 0.117820
18 10 -1.135925
18 11 1.211505
18 12 3.577169
18 13 0.467333
18 14 0.197512
18 15 -1.250561
18 16 -2.644863
18 17 0.901182
18 18 3.568627
18 19 2.255730
18 20 2.435961
18 21 2.867561
18 22 0.819331
18 23 0.643365
18 24 1.433202
19 0 -0.436608
19 1 0.175685
19 2 0.824567
19 3 0.992232
19 4 1.815848
19 5 0.332253
19 6 0.629422
19 7 -0.785188
19 8 0.236693
19 9 0.026141
19 10 -3.268529
19 11 -3.316515
19 12 -0.336350
19 13 -1.737272
19 14 -1.152935
19 15 -1.375401
19 16 -0.647239
19 17 0.248491
19 18 1.473230
19 19 1.107377
19 20 0.536110
19 21 0.482950
19 22 -0.924112
19 23 -0.639163
19 24 -0.021287
20 0 -1.031322
20 1 0.906550
20 2 1.039705
20 3 1.583342
20 4 0.993184
20 5 0.090470
20 6 -0.542914
20 7 0.210376
20 8 0.765246
20 9 0.086864
20 10 -0.705259
20 11 -2.021958
20 12 0.661113
20 13 -0.489155
20 14 -1.484914
20 15 -2.070859
20 16 -1.017383
20 17 -1.004217
20 18 -0.925565
20 19 -0.663037
20 20 -0.948463
20 21 0.419879
20 22 1.233336
20 23 1.843530
20 24 1.705202
21 0 -1.628943
21 1 -0.399392
21 2 0.037882
21 3 -0.907235
21 4 -0.439620
21 5 -0.576659
21 6 -2.041496
21 7 -1.986520
21 8 -1.197206
21 9 -2.260486
21 10 -1.269253
21 11 -1.664093
21 12 1.271411
21 13 0.433919
21 14 1.335902
21 15 2.283605
21 16 1.072355
21 17 -1.748836
21 18 -1.112573
21 19 0.268552
21 20 0.968488
21 21 1.209455
21 22 1.345057
21 23 0.939271
21 24 -0.397243
22 0 0.425563
22 1 0.437554
22 2 0.389901
22 3 0.145878
22 4 0.477409
22 5 0.066841
22 6 -0.335498
22 7 0.446887
22 8 1.778895
22 9 0.645211
22 10 1.315671
22 11 -1.489360
22 12 -0.492845
22 13 -0.129967
22 14 1.387903
22 15 2.100751
22 16 1.508347
22 17 -0.542036
22 18 0.202086
22 19 1.299495
22 20 0.729052
22 21 -0.298506
22 22 -0.691673
22 23 -0.358612
22 24 -0.488451
23 0 0.580261
23 1 0.361995
23 2 0.434347
23 3 0.117632
23 4 0.770320
23 5 0.731122
23 6 0.239591
23 7 0.823658
23 8 0.596120
23 9 -1.140434
23 10 1.027313
23 11 0.121121
23 12 0.821082
23 13 0.769222
23 14 -0.512601
23 15 -0.286577
23 16 -0.149930
23 17 -0.245314
23 18 -0.384212
23 19 -0.527685
23 20 -0.507697
23 21 -1.099232
23 22 -1.122522
23 23 -0.010751
23 24 0.377339
24 0 -0.903741
24 1 -0.977268
24 2 -1.003085
24 3 -1.424025
24 4 -1.414544
24 5 -1.132259
24 6 -0.349000
24 7 -1.617219
24 8 -1.149226
24 9 -2.040356
24 10 -0.405015
24 11 -1.044783
24 12 -0.709640
24 13 -0.504869
24 14 -1.373250
24 15 -0.527288
24 16 0.319778
24 17 0.367214
24 18 -0.228330
24 19 -0.696702
24 20 -0.181960
24 21 -0.309127
24 22 -0.200934
24 23 -0.519837
24 24 -0.976740
